SCD 1                   
1 22490U 93009B   23164.42329410  .00000472  00000+0  80614-4 0  9994
2 22490  24.9679 151.9053 0042814  28.6332 102.8726 14.44936745601812
TECHSAT 1B (GO-32)      
1 25397U 98043D   23164.35552567  .00000092  00000+0  59817-4 0  9998
2 25397  98.8685 121.7785 0002104 119.4561 240.6827 14.23878020294781
SCD 2                   
1 25504U 98060A   23164.90721274  .00000476  00000+0  84010-4 0  9990
2 25504  24.9968   5.9218 0017227  36.4138  94.7199 14.44434854301155
LANDSAT 7               
1 25682U 99020A   23165.18820281  .00000501  00000+0  11324-3 0  9999
2 25682  97.9289 203.6472 0001777  87.3930 316.6493 14.60116513285347
DLR-TUBSAT              
1 25757U 99029B   23165.09145435  .00000154  00000+0  49967-4 0  9991
2 25757  98.5339 117.1316 0015534  95.1697 265.1271 14.51665201273849
TERRA                   
1 25994U 99068A   23165.05096247  .00000520  00000+0  11976-3 0  9994
2 25994  98.0943 233.5138 0002976  87.3609  30.9880 14.59253056249324
MAROC-TUBSAT            
1 27004U 01056D   23164.40322494 -.00000010  00000+0  40649-4 0  9997
2 27004  99.6801 310.7806 0020662  84.1953 292.1128 13.70177490 75577
AQUA                    
1 27424U 02022A   23165.05276943  .00000933  00000+0  21280-3 0  9998
2 27424  98.2872 109.4776 0001515 108.0943 312.4158 14.58098855122909
IRS-P6 (RESOURCESAT-1)  
1 28051U 03046A   23165.11192980  .00000252  00000+0  10275-3 0  9993
2 28051  98.3590 230.2554 0059004  22.5476   6.5088 14.34362651 22867
SHIYAN 1 (SY-1)         
1 28220U 04012A   23165.08377325  .00005253  00000+0  36801-3 0  9998
2 28220  97.9873 173.5627 0010127 188.4380 171.6677 15.05649482 44538
AURA                    
1 28376U 04026A   23165.16091372  .00000947  00000+0  21846-3 0  9997
2 28376  98.2104 108.8703 0001681  94.0644 266.0747 14.57509020  5945
IRS-P5 (CARTOSAT-1)     
1 28649U 05017A   23164.88760262  .00001467  00000+0  17686-3 0  9995
2 28649  97.6666 217.7428 0002857  98.6327 261.5212 14.85270699980365
SINAH 1                 
1 28893U 05043D   23164.78946654  .00000468  00000+0  10239-3 0  9992
2 28893  98.1525 287.4995 0016269 118.4356 241.8487 14.62119785939748
EROS B                  
1 29079U 06014A   23165.12067423  .00014672  00000+0  66643-3 0  9997
2 29079  97.3283 284.5133 0018341  50.3150 309.9700 15.20719528951450
RESURS-DK 1             
1 29228U 06021A   23164.52138052  .00002314  00000+0  17028-3 0  9994
2 29228  69.9360 287.9114 0007137 241.6296 118.4146 15.04859805936668
ARIRANG-2 (KOMPSAT-2)   
1 29268U 06031A   23165.09874696  .00000338  00000+0  74428-4 0  9995
2 29268  97.9065  24.5567 0013925 319.3120 192.0788 14.63125936900760
LAPAN-TUBSAT            
1 29709U 07001A   23165.20252498  .00000667  00000+0  88487-4 0  9991
2 29709  98.0190 132.7369 0013229 154.2138 205.9738 14.83108808888119
CARTOSAT-2 (IRS-P7)     
1 29710U 07001B   23164.82024379  .00042189  00000+0  57163-3 0  9996
2 29710  97.8918 301.7473 0098546 212.8555 146.6546 15.51907341891789
HAIYANG-1B              
1 31113U 07010A   23164.99578723  .00000119  00000+0  61614-4 0  9995
2 31113  98.2962 178.9518 0012887 216.6860 143.3442 14.30434735844192
COSMO-SKYMED 1          
1 31598U 07023A   23165.12347327  .00000596  00000+0  81453-4 0  9998
2 31598  97.8882 348.6425 0001354 103.0442 257.0922 14.82167758866533
TERRASAR-X              
1 31698U 07026A   23164.45505465  .00001427  00000+0  71113-4 0  9992
2 31698  97.4459 171.8918 0001529  88.3548 271.7861 15.19153738886260
WORLDVIEW-1 (WV-1)      
1 32060U 07041A   23165.06948614  .00008219  00000+0  33318-3 0  9998
2 32060  97.3986 284.6166 0003753 261.6429  98.4383 15.24891974875573
YAOGAN 3                
1 32289U 07055A   23165.10110121  .00002096  00000+0  26517-3 0  9995
2 32289  97.9191 188.8737 0001885  86.5804 273.5625 14.82882874842597
COSMO-SKYMED 2          
1 32376U 07059A   23165.15723515  .00000623  00000+0  84796-4 0  9996
2 32376  97.8883 348.6772 0001435  96.0418 264.0959 14.82148760839280
RADARSAT-2              
1 32382U 07061A   23165.21561876  .00000097  00000+0  54454-4 0  9996
2 32382  98.5763 171.9093 0001291  90.1775 269.9556 14.29985286809003
CARTOSAT-2A             
1 32783U 08021A   23165.11221836  .00001036  00000+0  14801-3 0  9991
2 32783  97.9161 225.6264 0013950  79.7773 280.5010 14.78722528816460
HUANJING 1A (HJ-1A)     
1 33320U 08041A   23165.19185809  .00000840  00000+0  12144-3 0  9998
2 33320  97.6438 185.6729 0022017 131.8271 228.4825 14.78462091795827
HUANJING 1B (HJ-1B)     
1 33321U 08041B   23165.18423581  .00001326  00000+0  18545-3 0  9991
2 33321  97.6561 189.9594 0034391 150.6781 209.6371 14.78760332795821
GEOEYE 1                
1 33331U 08042A   23165.20044734  .00000654  00000+0  13154-3 0  9999
2 33331  98.0852 239.5068 0008195 217.5066 142.5566 14.64737559789318
THEOS                   
1 33396U 08049A   23165.16450953  .00000075  00000+0  55632-4 0  9991
2 33396  98.7037 232.9643 0001060  89.5703 270.5595 14.20015312762005
COSMO-SKYMED 3          
1 33412U 08054A   23165.04994144  .00002765  00000+0  26452-3 0  9993
2 33412  97.8890 354.5596 0017283   6.1323 354.0105 14.93952832792113
YAOGAN 4                
1 33446U 08061A   23165.10219244  .00001388  00000+0  19756-3 0  9995
2 33446  97.8519 100.1381 0016964  46.7299 313.5324 14.78307671783001
GOSAT (IBUKI)           
1 33492U 09002A   23165.05627027  .00000882  00000+0  16365-3 0  9999
2 33492  98.0099 279.0845 0001239  99.4810 260.6535 14.67581272770711
YAOGAN 6                
1 34839U 09021A   23164.48759659  .00009640  00000+0  27759-3 0  9999
2 34839  97.1250 134.9220 0025468  83.0669 277.3471 15.35624060786522
DEIMOS-1                
1 35681U 09041A   23165.03666502  .00000578  00000+0  98225-4 0  9991
2 35681  97.6849   1.9577 0002662 114.4426 245.7060 14.72541129744976
DUBAISAT-1              
1 35682U 09041B   23164.85878347  .00001006  00000+0  17512-3 0  9999
2 35682  97.8551 308.2747 0011147   2.6104 357.5158 14.70081910743356
OCEANSAT-2              
1 35931U 09051A   23165.21182840  .00000376  00000+0  28400-3 0  9991
2 35931  98.3115 243.6842 0018163  96.0064 264.3173 13.99354540725613
WORLDVIEW-2 (WV-2)      
1 35946U 09055A   23165.20043376  .00000171  00000+0  71591-4 0  9993
2 35946  98.4504 240.0002 0000616 333.7812  26.3343 14.37505806717877
SMOS                    
1 36036U 09059A   23165.03699237  .00000363  00000+0  12975-3 0  9995
2 36036  98.4432 352.3339 0001172  93.3726 266.7596 14.39741265715432
YAOGAN 7                
1 36110U 09069A   23165.04909931  .00000538  00000+0  86529-4 0  9996
2 36110  98.1582  33.7368 0025229 333.9862  26.0077 14.75526662727440
TANDEM-X                
1 36605U 10030A   23164.45505499  .00001439  00000+0  71701-4 0  9997
2 36605  97.4461 171.8936 0001802  91.9744 268.1696 15.19153720719686
CARTOSAT-2B             
1 36795U 10035A   23165.01436864  .00000999  00000+0  14303-3 0  9998
2 36795  97.9104 225.4287 0014159 149.6344 210.5690 14.78714459697491
YAOGAN 10               
1 36834U 10038A   23165.08573076  .00000767  00000+0  10368-3 0  9999
2 36834  97.9648 179.1657 0001750  87.2306 319.5729 14.81902853694325
COSMO-SKYMED 4          
1 37216U 10060A   23165.16988746  .00000594  00000+0  81126-4 0  9991
2 37216  97.8884 348.6900 0001528  94.9756 265.1631 14.82163186681831
RESOURCESAT-2           
1 37387U 11015A   23165.16455048  .00000167  00000+0  95638-4 0  9994
2 37387  98.6216 235.2504 0005617 102.6105 257.5701 14.21668960630556
HAIYANG-2A              
1 37781U 11043A   23164.75556454  .00000012  00000+0  54505-4 0  9997
2 37781  99.3195 169.4037 0000979  48.4885 311.6350 13.78757953595177
RASAT                   
1 37791U 11044D   23165.12466762  .00000591  00000+0  11747-3 0  9995
2 37791  98.0877 257.4262 0022873  71.0616  46.9692 14.65552353632072
SRMSAT                  
1 37841U 11058D   23164.91493168  .00000436  00000+0  94508-4 0  9997
2 37841  19.9707 229.8121 0011891 356.7846 162.7107 14.10901569602347
YAOGAN 13               
1 37941U 11072A   23165.18277190  .00009662  00000+0  35527-3 0  9994
2 37941  97.6783 127.8128 0001922 131.3764 228.7640 15.28111623639887
PLEIADES 1A             
1 38012U 11076F   23165.07055623  .00000424  00000+0  10099-3 0  9995
2 38012  98.1993 239.9450 0001235  84.8955  33.1499 14.58559670611789
ZIYUAN 1-02C (ZY 1-02C) 
1 38038U 11079A   23165.12002413  .00000406  00000+0  15397-3 0  9997
2 38038  98.5428 232.4080 0006413 356.7387  58.3473 14.36245832601388
ZIYUAN 3-1 (ZY 3-1)     
1 38046U 12001A   23165.07104039  .00008250  00000+0  34369-3 0  9998
2 38046  97.2958 231.3654 0005370  51.9861 308.1860 15.23957111634602
ARIRANG-3 (KOMPSAT-3)   
1 38338U 12025B   23165.13305356  .00000604  00000+0  12993-3 0  9994
2 38338  98.2203 107.2951 0009542 320.2037  39.8464 14.61980766590807
KANOPUS-V 1             
1 38707U 12039A   23165.03378521  .00008504  00000+0  29762-3 0  9991
2 38707  97.4790  91.4753 0002093  87.0152 273.1327 15.29759334604495
EXACTVIEW-1 (ADS-1B)    
1 38709U 12039C   23164.95551311  .00000136  00000+0  79043-4 0  9994
2 38709  98.9705 244.6129 0012082  98.4700 261.7848 14.24241835566193
SPOT 6                  
1 38755U 12047A   23165.13280744  .00000452  00000+0  10704-3 0  9993
2 38755  98.1891 232.5232 0001432 107.2494 252.8863 14.58580596572876
PLEIADES 1B             
1 39019U 12068A   23165.08233041  .00000429  00000+0  10212-3 0  9990
2 39019  98.1944 239.9311 0001271  94.2583 265.8762 14.58560663560639
GOKTURK 2               
1 39030U 12073A   23165.09750798  .00000540  00000+0  91039-4 0  9994
2 39030  97.8044  36.2161 0000984  69.2565 290.8749 14.73205862562585
LANDSAT 8               
1 39084U 13008A   23165.10645599  .00000428  00000+0  10518-3 0  9993
2 39084  98.2262 235.0831 0001181  95.4019 264.7314 14.57105350549664
SARAL                   
1 39086U 13009A   23164.88571842  .00000130  00000+0  64406-4 0  9995
2 39086  98.5477 350.2235 0000961 327.0414  33.0710 14.32222411538210
GAOFEN 1                
1 39150U 13018A   23165.19125300  .00000807  00000+0  12322-3 0  9996
2 39150  98.0300 235.5476 0020554 196.6139 163.4400 14.76423522546114
VNREDSAT 1              
1 39160U 13021B   23165.04072063  .00000696  00000+0  14471-3 0  9995
2 39160  98.0400 237.0890 0001329 109.5419 250.5927 14.63018980539473
ARIRANG-5 (KOMPSAT-5)   
1 39227U 13042A   23165.04848779  .00001951  00000+0  14356-3 0  9994
2 39227  97.6204 351.1184 0000872 115.7732 244.3584 15.04533270538656
SKYSAT-A                
1 39418U 13066C   23164.89713881  .00002289  00000+0  17731-3 0  9994
2 39418  97.5376 230.9884 0030819 116.5757 243.8632 15.02027611522867
DUBAISAT-2              
1 39419U 13066D   23165.02382073  .00002043  00000+0  18212-3 0  9999
2 39419  97.4137 183.4699 0014147 135.9616 224.2736 14.96960893521242
GPM-CORE                
1 39574U 14009C   23165.19492877  .00024187  00000+0  34006-3 0  9993
2 39574  64.9955  36.6668 0011569 254.2995 105.6876 15.56583057527902
SENTINEL-1A             
1 39634U 14016A   23165.03056690  .00000250  00000+0  62793-4 0  9990
2 39634  98.1824 172.4175 0001371  90.7223 269.4134 14.59198180489759
KAZEOSAT 1              
1 39731U 14024A   23165.07121215  .00000246  00000+0  88252-4 0  9990
2 39731  98.4291 241.8242 0001170  96.4271 263.7052 14.42006132480201
ALOS-2                  
1 39766U 14029A   23165.17298127  .00001843  00000+0  25361-3 0  9996
2 39766  97.9215 262.1092 0001584  97.4786 262.6606 14.79473086489117
KAZEOSAT 2              
1 40010U 14033A   23165.04783333  .00000621  00000+0  84464-4 0  9992
2 40010  97.6737  41.4987 0012273 341.2700  18.8061 14.82072522485993
HODOYOSHI-4             
1 40011U 14033B   23165.05831871  .00001247  00000+0  16004-3 0  9994
2 40011  97.6272  27.4393 0025456 336.5280  23.4771 14.82691217485640
DEIMOS-2                
1 40013U 14033D   23165.05942688  .00001666  00000+0  19344-3 0  9990
2 40013  97.7247  57.4780 0002152  57.9901 302.1524 14.86690047486884
HODOYOSHI-3             
1 40015U 14033F   23164.82876629  .00000990  00000+0  13699-3 0  9993
2 40015  97.6085   5.1519 0036388   5.9387 354.2250 14.79702508484738
SPOT 7                  
1 40053U 14034A   23165.16260338  .00000560  00000+0  12993-3 0  9997
2 40053  98.2039 232.3725 0001613  87.0518 273.0866 14.58677725476819
SKYSAT-B                
1 40072U 14037D   23164.63410656  .00001045  00000+0  13706-3 0  9994
2 40072  98.3613  55.1405 0005088 227.0899 132.9886 14.82606129482744
WORLDVIEW-3 (WV-3)      
1 40115U 14048A   23165.19339507  .00001191  00000+0  14500-3 0  9996
2 40115  97.8244 239.3349 0004564  48.9724 311.1884 14.85263239478832
GAOFEN 2                
1 40118U 14049A   23165.17871289  .00001206  00000+0  16317-3 0  9991
2 40118  97.7139 225.9771 0006280 194.2133 165.8904 14.80731888476620
YAOGAN 21               
1 40143U 14053A   23165.14315863  .00008159  00000+0  34267-3 0  9990
2 40143  97.3039 229.1007 0011487  40.4904 319.7186 15.23640418487624
YAOGAN 22               
1 40275U 14063A   23164.30557235 -.00000005  00000+0  10838-3 0  9996
2 40275 100.6129 289.7047 0006758 146.3499 213.8043 13.15459369415195
ASNARO                  
1 40298U 14070A   23165.20221214  .00010615  00000+0  49921-3 0  9996
2 40298  97.4402 247.7253 0006320 120.8043 239.3814 15.19737977477138
HODOYOSHI-1             
1 40299U 14070B   23165.17122230  .00009955  00000+0  30805-3 0  9997
2 40299  97.1944 227.9134 0008772 289.6498  70.3798 15.33637268478342
QSAT-EOS                
1 40301U 14070D   23165.13660618  .00044272  00000+0  53171-3 0  9996
2 40301  97.1550 234.1216 0011027 219.3480 140.6978 15.60690516479367
YAOGAN 23               
1 40305U 14071A   23165.19048281  .00012122  00000+0  41848-3 0  9990
2 40305  97.6520 128.3897 0001993  80.9549 279.1916 15.30110959475676
YAOGAN 24               
1 40310U 14072A   23165.05513677  .00000937  00000+0  14278-3 0  9996
2 40310  98.0147 286.6793 0014236 191.8970 168.1905 14.76182737461581
CBERS 4                 
1 40336U 14079A   23165.17905205  .00000144  00000+0  65159-4 0  9991
2 40336  98.4436 237.2055 0001648  94.3535 265.7839 14.35471262446306
RESURS P2               
1 40360U 14087A   23165.08315754  .00010917  00000+0  24395-3 0  9996
2 40360  97.1813 248.6284 0007277 209.3555 150.7285 15.43656421473885
YAOGAN 26               
1 40362U 14088A   23165.08259404  .00008838  00000+0  37019-3 0  9994
2 40362  97.0948 201.6332 0007601 297.7388  62.3079 15.23728610471081
SMAP                    
1 40376U 15003A   23165.07080040  .00000635  00000+0  13183-3 0  9997
2 40376  98.1268 171.6845 0001318  94.0789 266.0563 14.63398743446873
KOMPSAT-3A              
1 40536U 15014A   23165.12611889  .00005915  00000+0  32040-3 0  9993
2 40536  97.5718 109.0793 0005320 116.8458 243.3319 15.14983763453711
SENTINEL-2A             
1 40697U 15028A   23165.08168849  .00000143  00000+0  71039-4 0  9994
2 40697  98.5698 239.6460 0001317  97.6431 262.4902 14.30816991416564
GAOFEN 8                
1 40701U 15030A   23165.20670104  .00011313  00000+0  47416-3 0  9991
2 40701  97.6091 308.6114 0006509 189.5898 170.5215 15.23671501443460
CARBONITE 1 (CBNT-1)    
1 40718U 15032D   23165.16728633  .00001515  00000+0  22363-3 0  9994
2 40718  97.6925  18.0510 0014722 285.3606  74.5978 14.76594226426773
YAOGAN 27               
1 40878U 15040A   23165.04116541 -.00000039  00000+0  89675-5 0  9998
2 40878 100.0940 185.9623 0007824 227.2657 132.7799 13.15993986374599
GAOFEN 9-01             
1 40894U 15047A   23165.12410143  .00000814  00000+0  11997-3 0  9997
2 40894  97.7746 228.0858 0034196 124.0706 236.3758 14.77537953417550
LAPAN-A2                
1 40931U 15052B   23164.37783468  .00001145  00000+0  68956-4 0  9990
2 40931   5.9993 113.6881 0013550 242.3099 117.5653 14.77236366416672
YAOGAN 28               
1 41026U 15064A   23165.14733583  .00007744  00000+0  32788-3 0  9992
2 41026  97.6026 316.4042 0003668  10.5861 349.5452 15.23457388423309
YAOGAN 29               
1 41038U 15069A   23165.06602261  .00000564  00000+0  79097-4 0  9997
2 41038  98.0617 172.2343 0001986  59.8234 300.3175 14.81345240407817
KENT RIDGE 1            
1 41167U 15077B   23165.06768330  .00003394  00000+0  15347-3 0  9990
2 41167  14.9809  90.1955 0010629 341.5659  18.4276 15.11996774414010
TELEOS 1                
1 41169U 15077D   23164.85940947  .00010205  00000+0  44049-3 0  9994
2 41169  14.9817  43.2270 0008439  65.8807 294.2396 15.18831149414420
JASON-3                 
1 41240U 16002A   23164.88970789 -.00000063  00000+0 -99900-5 0  9994
2 41240  66.0415 258.3643 0007928 270.3468  89.6639 12.80929390346201
SENTINEL-3A             
1 41335U 16011A   23165.07092340  .00000140  00000+0  75769-4 0  9999
2 41335  98.6213 232.1677 0001332  94.5282 265.6050 14.26744572381338
ZIYUAN 3-2 (ZY 3-2)     
1 41556U 16033A   23165.08664278  .00007685  00000+0  34617-3 0  9991
2 41556  97.4945 238.1071 0001870 111.3378 248.8057 15.21339296390886
NUSAT-1 (FRESCO)        
1 41557U 16033B   23165.19859874  .00061502  00000+0  78061-3 0  9991
2 41557  97.3880 272.9679 0007463 151.9201 208.2459 15.59202598393168
NUSAT-2 (BATATA)        
1 41558U 16033C   23165.06091751  .00075228  00000+0  82679-3 0  9990
2 41558  97.4162 280.9031 0006775 148.1953 211.9716 15.62919239393484
CARTOSAT-2C             
1 41599U 16040A   23165.18733955  .00005587  00000+0  26830-3 0  9993
2 41599  97.4367 225.4892 0012772   4.6099 355.5251 15.19181368386854
SKYSAT-C1               
1 41601U 16040C   23164.19466568  .00013392  00000+0  35444-3 0  9994
2 41601  97.1125 235.0103 0005638  39.4376 320.7279 15.38479173389476
LAPAN-A3                
1 41603U 16040E   23165.10134229  .00002855  00000+0  12612-3 0  9998
2 41603  97.1658 190.8082 0011701 335.0420  25.0250 15.22446896387028
BIROS                   
1 41604U 16040F   23165.08631796  .00006679  00000+0  23724-3 0  9991
2 41604  97.1633 200.8507 0008597 293.1902  66.8432 15.29309228387629
GAOFEN 3                
1 41727U 16049A   23165.06626125  .00000077  00000+0  36596-4 0  9992
2 41727  98.4058 173.1400 0000854  67.7891 292.3389 14.42218776360218
SKYSAT-C4               
1 41771U 16058B   23164.88573124  .00013817  00000+0  35147-3 0  9996
2 41771  97.0669 223.7113 0003373  14.7243 345.4101 15.39698990376547
SKYSAT-C5               
1 41772U 16058C   23165.12335032  .00009640  00000+0  30974-3 0  9991
2 41772  97.2143 223.9556 0001741  62.4698 297.6721 15.32476900375038
SKYSAT-C2               
1 41773U 16058D   23164.59726212  .00012920  00000+0  34348-3 0  9990
2 41773  97.0686 223.7553 0002420 331.4860  28.6253 15.38361419376519
SKYSAT-C3               
1 41774U 16058E   23164.89291119  .00015152  00000+0  35525-3 0  9995
2 41774  97.0681 226.6631 0001893 121.9513 238.1919 15.42157606376731
ALSAT 1B                
1 41785U 16059C   23165.09408090  .00000469  00000+0  85178-4 0  9994
2 41785  97.8603 202.4433 0010446 145.3944 214.7945 14.70424431358955
PATHFINDER 1            
1 41787U 16059E   23164.84596382  .00000805  00000+0  15909-3 0  9998
2 41787  97.8662 198.7142 0031474 102.2037 258.2695 14.64599646358628
SCATSAT 1               
1 41790U 16059H   23165.16103605  .00000317  00000+0  90878-4 0  9997
2 41790  98.2700 209.1591 0005165 155.8671 204.2766 14.51213748355529
GOKTURK 1A              
1 41875U 16073A   23165.06377784  .00000476  00000+0  10253-3 0  9991
2 41875  98.1382  59.6345 0001417  84.5948 275.5415 14.62763557348146
RESOURCESAT-2A          
1 41877U 16074A   23165.07303398  .00000142  00000+0  84630-4 0  9996
2 41877  98.6820 240.2265 0001521  56.8671 303.2652 14.21637723338141
CARTOSAT-2D             
1 41948U 17008A   23165.08638506  .00005567  00000+0  26666-3 0  9996
2 41948  97.4148 224.4043 0007234 138.0363 222.1428 15.19313969350703
SENTINEL-2B             
1 42063U 17013A   23165.11666044  .00000142  00000+0  70941-4 0  9993
2 42063  98.5691 239.6853 0001247  93.9138 266.2188 14.30818378327488
ZHUHAI-1 02 (CAS-4B)    
1 42759U 17034B   23165.09509671  .00007588  00000+0  38396-3 0  9995
2 42759  43.0137 132.8764 0009461  80.6356 279.5562 15.17371886331163
NUSAT-3 (MILANESAT)     
1 42760U 17034C   23165.07847434  .00009075  00000+0  44040-3 0  9993
2 42760  43.0102 124.7933 0011717 106.1878 254.0261 15.18630947331278
ZHUHAI-1 01 (CAS-4A)    
1 42761U 17034D   23165.04539308  .00008330  00000+0  42019-3 0  9996
2 42761  43.0134 131.6825 0010154  82.3853 277.8148 15.17377677331165
CARTOSAT-2E             
1 42767U 17036C   23165.10356619  .00005991  00000+0  28672-3 0  9992
2 42767  97.4044 224.7691 0007556 187.8376 172.2741 15.19313898331278
FORMOSAT-5              
1 42920U 17049A   23164.81276008  .00000234  00000+0  70765-4 0  9993
2 42920  98.3224 242.2271 0009506 215.1944 144.8624 14.50824315307263
SENTINEL-5P             
1 42969U 17064A   23164.28478329  .00000073  00000+0  55460-4 0  9990
2 42969  98.7036 104.2986 0001165  74.8552 285.2753 14.19564528293516
SKYSAT-C11              
1 42987U 17068A   23164.77743774  .00014542  00000+0  38546-3 0  9998
2 42987  97.3222 287.4509 0003665  95.4259 264.7405 15.38430718313955
SKYSAT-C10              
1 42988U 17068B   23164.78771849  .00014605  00000+0  38758-3 0  9999
2 42988  97.3280 288.0093 0004902 123.0248 237.1469 15.38387509313982
SKYSAT-C9               
1 42989U 17068C   23164.28119490  .00015081  00000+0  40380-3 0  9996
2 42989  97.3213 286.4146 0015500 104.0537 256.2432 15.37993828314109
SKYSAT-C8               
1 42990U 17068D   23163.91243090  .00015382  00000+0  40733-3 0  9997
2 42990  97.3300 287.4902 0004270  50.5798 309.5824 15.38444703313868
SKYSAT-C7               
1 42991U 17068E   23164.31321628  .00013965  00000+0  36993-3 0  9995
2 42991  97.3298 288.0487 0004960  93.6325 266.5487 15.38453042313931
SKYSAT-C6               
1 42992U 17068F   23165.13788523  .00014510  00000+0  38402-3 0  9992
2 42992  97.3329 289.3925 0003799 101.4015 258.7657 15.38477426314071
CARTOSAT-2F             
1 43111U 18004A   23165.20083757  .00005076  00000+0  24443-3 0  9999
2 43111  97.3986 224.5084 0002925 195.3825 164.7321 15.19191522300474
NUSAT-4 (ADA)           
1 43195U 18015D   23165.02914789  .00039266  00000+0  71422-3 0  9998
2 43195  97.5738 321.2329 0010835 191.7152 168.3848 15.49359977298789
NUSAT-5 (MARYAM)        
1 43204U 18015K   23165.06970223  .00041050  00000+0  71333-3 0  9993
2 43204  97.5747 322.2461 0010243 193.1359 166.9627 15.50656630298446
GAOFEN 1-02             
1 43259U 18031A   23165.12169114  .00000975  00000+0  14681-3 0  9991
2 43259  97.8630 238.1381 0002072 273.2954  86.8019 14.76573371280519
GAOFEN 1-03             
1 43260U 18031B   23165.10007208  .00000991  00000+0  14927-3 0  9997
2 43260  97.8624 238.0626 0005080   8.9277 351.2022 14.76543948280507
GAOFEN 1-04             
1 43262U 18031D   23165.07544069  .00000226  00000+0  39498-4 0  9998
2 43262  97.8633 238.1073 0002048 326.7544  33.3537 14.76538737280492
SENTINEL-3B             
1 43437U 18039A   23164.97370485  .00000158  00000+0  83253-4 0  9999
2 43437  98.6276 232.1289 0000931 106.2856 253.8426 14.26733777267382
GAOFEN 5-01             
1 43461U 18043A   23165.11759530  .00000496  00000+0  11692-3 0  9992
2 43461  98.3105 109.4870 0000658 215.0224 145.0932 14.58450339271365
GAOFEN 6                
1 43484U 18048A   23165.11108788  .00000920  00000+0  13914-3 0  9996
2 43484  97.8985 243.2723 0011370 114.3469 245.8929 14.76499781271201
GAOFEN 11-1             
1 43585U 18063A   23165.08028535  .00008140  00000+0  34445-3 0  9996
2 43585  97.2792 236.4984 0009204 347.9269  12.1746 15.23407321271452
AEOLUS                  
1 43600U 18066A   23164.53252274  .00133438  79884-5  51333-3 0  9991
2 43600  96.7132 169.9496 0011040  99.3864 260.8658 15.87276760278384
ICESAT-2                
1 43613U 18070A   23165.02698049  .00003345  00000+0  12130-3 0  9992
2 43613  91.9898 355.4981 0005921  43.6676 316.5041 15.28288160264594
HYSIS                   
1 43719U 18096A   23165.12763886  .00001496  00000+0  21111-3 0  9994
2 43719  97.9124 231.2077 0003269  97.0616 263.0967 14.78667912245004
KAZSTSAT                
1 43783U 18099AB  23164.88390301  .00000956  00000+0  92460-4 0  9994
2 43783  97.5800 224.0445 0008781 133.7264 226.4686 14.94974516246788
SAUDISAT 5A             
1 43831U 18102A   23165.10452576  .00003080  00000+0  18386-3 0  9997
2 43831  97.4548 234.7066 0013735  22.5765 337.6067 15.11784457248764
SAUDISAT 5B             
1 43833U 18102C   23165.08239765  .00004025  00000+0  23573-3 0  9993
2 43833  97.4581 235.9975 0014672  26.8185 333.3802 15.12288910248820
GAOFEN 10R              
1 44622U 19066A   23165.19866608  .00001538  00000+0  20321-3 0  9998
2 44622  97.9287 104.6936 0001083 195.1313 164.9867 14.81443725199555
CARTOSAT-3              
1 44804U 19081A   23165.07446781  .00004362  00000+0  20930-3 0  9994
2 44804  97.3466 223.1157 0011865  39.7092 320.5009 15.19334029196540
GAOFEN 12-1             
1 44819U 19082A   23165.07871592  .00000534  00000+0  76114-4 0  9996
2 44819  97.8395 182.6881 0001751  91.5889 268.5524 14.80665344191449
CSG-1                   
1 44873U 19092A   23165.04754966  .00000621  00000+0  84528-4 0  9994
2 44873  97.8884 348.5694 0001474  88.4399 271.6983 14.82149818188669
NUSAT-7 (SOPHIE)        
1 45017U 20003B   23165.10840062  .00043661  00000+0  67669-3 0  9996
2 45017  97.1597 226.5230 0009435 126.2544 233.9583 15.53849909190941
NUSAT-8 (MARIE)         
1 45018U 20003C   23165.07227162  .00077458  00000+0  79987-3 0  9990
2 45018  97.1721 231.4745 0007150 130.5898 229.5985 15.64502105191156
NUSAT-6 (HYPATIA)       
1 46272U 20061A   23164.90741256  .00016306  00000+0  48657-3 0  9998
2 46272  97.2820 234.1453 0005032 213.0865 147.0064 15.34696312154448
NEMO-HD                 
1 46277U 20061F   23165.14017586  .00004988  00000+0  22941-3 0  9993
2 46277  97.3468 231.8406 0001911  50.5066 309.6338 15.20788375153763
NUSAT-12 (DOROTHY)      
1 46827U 20079A   23165.01836619  .00079751  00000+0  81956-3 0  9996
2 46827  97.1451 236.4248 0003872  86.3560 273.8143 15.64639307145982
NUSAT-9 (ALICE)         
1 46828U 20079B   23165.05273597  .00059039  00000+0  57576-3 0  9999
2 46828  97.1323 236.0146 0003387 119.1596 241.0004 15.66038241146064
NUSAT-11 (CORA)         
1 46829U 20079C   23165.18403904  .00052534  00000+0  51485-3 0  9997
2 46829  97.1398 236.7218 0004570 105.5519 254.6247 15.65934377146077
NUSAT-15 (KATHERINE)    
1 46830U 20079D   23165.08606839  .00087164  00000+0  82549-3 0  9992
2 46830  97.1540 238.4224 0001891 121.2272 238.9175 15.66675995146061
NUSAT-14 (HEDY)         
1 46831U 20079E   23165.09189813  .00100037  00000+0  84595-3 0  9990
2 46831  97.1482 238.7054 0002636  84.2323 275.9240 15.69425934146113
NUSAT-10 (CAROLINE)     
1 46832U 20079F   23165.06803206  .00063696  00000+0  73513-3 0  9994
2 46832  97.1535 237.1860 0003823  93.7905 266.3790 15.61715647146008
NUSAT-13 (EMMY)         
1 46833U 20079G   23165.12290812  .00063441  00000+0  73446-3 0  9998
2 46833  97.1521 237.0617 0004726 100.3595 259.8197 15.61631388146003
NUSAT-17 (MARY)         
1 46835U 20079J   23165.08789154  .00066887  00000+0  75342-3 0  9991
2 46835  97.1522 236.7932 0004704 105.4441 254.7338 15.62329670145980
NUSAT-18 (VERA)         
1 46836U 20079K   23165.12053724  .00077489  00000+0  79924-3 0  9994
2 46836  97.1526 237.7455 0004963 113.2484 246.9299 15.64548487146045
NUSAT-16 (LISE)         
1 46840U 20079P   23165.18799225  .00082167  00000+0  79484-3 0  9998
2 46840  97.1576 238.3440 0003102 125.2232 234.9320 15.66159655146065
SENTINEL-6              
1 46984U 20086A   23164.54208549 -.00000065  00000+0 -19098-4 0  9993
2 46984  66.0413 259.0257 0008025 269.5758  90.4338 12.80929329119485
GAOFEN 12-2             
1 48079U 21026A   23165.04897008  .00000575  00000+0  81738-4 0  9999
2 48079  97.9221 155.4910 0001256  81.3126 278.8228 14.80577415119123
PLEIADES NEO 3          
1 48268U 21034A   23165.09470593  .00001352  00000+0  17843-3 0  9998
2 48268  97.8938 239.6351 0001534 100.3453 259.7933 14.81677873114907
NUSAT-19 (ROSALIND)     
1 48905U 21059AC  23165.01385934  .00014486  00000+0  52603-3 0  9994
2 48905  97.5516 300.5787 0007680 242.7662 117.2795 15.28383164109093
NUSAT-22 (SOFYA)        
1 48919U 21059AS  23165.10313926  .00042663  00000+0  72767-3 0  9992
2 48919  97.3926 304.1870 0010365 172.6864 187.4541 15.51172076110165
NUSAT-21 (ELISA)        
1 48920U 21059AT  23165.04181234  .00061478  00000+0  77924-3 0  9997
2 48920  97.3859 305.5959 0009445 181.0639 179.0599 15.59218612110307
NUSAT-20 (GRACE)        
1 48921U 21059AU  23165.04814580  .00052004  00000+0  75239-3 0  9997
2 48921  97.4010 305.6456 0011204 195.7154 164.3755 15.55680047110235
PLEIADES NEO 4          
1 49070U 21073E   23165.06093008  .00000874  00000+0  11772-3 0  9995
2 49070  97.8939 239.5980 0001432 100.9705 259.1669 14.81668175 98614
LANDSAT 9               
1 49260U 21088A   23164.93470507  .00000451  00000+0  10995-3 0  9997
2 49260  98.1850 234.8701 0001348  95.5896 264.5456 14.57129643 90910
CSG-2                   
1 51444U 22008A   23165.01375351  .00000479  00000+0  66728-4 0  9994
2 51444  97.8884 348.5357 0001463  90.9967 269.1414 14.82156329 73775
INS-2TD                 
1 51658U 22013C   23164.82721962  .00014777  00000+0  63943-3 0  9999
2 51658  97.5463 177.0270 0009901  33.4482 326.7378 15.22492272 73471
GAOFEN 12-3             
1 52912U 22069A   23165.08690437  .00001550  00000+0  21067-3 0  9991
2 52912  97.9529  55.2163 0001195  98.0721 262.0627 14.80229730 51992
SWOT                    
1 54754U 22173A   23164.86067217  .00000201  00000+0  11605-3 0  9991
2 54754  77.6096  79.9084 0000814 178.9157 181.2002 14.09855985 25274
SKYSAT-A                
1 39418U 13066C   23166.16288877  .00002030  00000+0  15777-3 0  9990
2 39418  97.5374 232.2185 0030769 112.5871 247.8614 15.02032620523053
SKYSAT-B                
1 40072U 14037D   23166.52381030  .00001028  00000+0  13499-3 0  9997
2 40072  98.3611  57.1152 0005178 219.6558 140.4276 14.82610291483026
SKYSAT-C1               
1 41601U 16040C   23166.73319392  .00012282  00000+0  34005-3 0  9997
2 41601  97.1128 237.4681 0001969 137.3364 222.8035 15.37116116389863
SKYSAT-C4               
1 41771U 16058B   23166.44547810  .00012472  00000+0  31711-3 0  9992
2 41771  97.0668 225.2172 0003176   9.3278 350.8027 15.39738778376789
SKYSAT-C5               
1 41772U 16058C   23166.75574008  .00008630  00000+0  27731-3 0  9994
2 41772  97.2142 225.5469 0001596  60.2182 299.9219 15.32505431375286
SKYSAT-C2               
1 41773U 16058D   23166.74589923  .00011214  00000+0  31300-3 0  9995
2 41773  97.0685 225.8214 0004517 116.9077 243.2630 15.36877413376844
SKYSAT-C3               
1 41774U 16058E   23166.70971299  .00014339  00000+0  33576-3 0  9991
2 41774  97.0682 228.4242 0001881 119.8629 240.2806 15.42208414377016
SKYSAT-C11              
1 42987U 17068A   23166.33846163  .00012902  00000+0  34181-3 0  9997
2 42987  97.3226 289.0091 0003622  92.2054 267.9606 15.38474114314197
SKYSAT-C10              
1 42988U 17068B   23166.34878690  .00013243  00000+0  35120-3 0  9992
2 42988  97.3286 289.5685 0004918 118.7157 241.4583 15.38431004314221
SKYSAT-C9               
1 42989U 17068C   23166.29808165  .00013091  00000+0  35025-3 0  9992
2 42989  97.3219 288.4262 0015437  97.3892 262.9108 15.38050473314412
SKYSAT-C8               
1 42990U 17068D   23166.64732928  .00012542  00000+0  34966-3 0  9999
2 42990  97.3308 290.2160 0003088 199.0906 161.0223 15.36901722314288
SKYSAT-C7               
1 42991U 17068E   23166.32949991  .00012916  00000+0  34172-3 0  9999
2 42991  97.3302 290.0635 0004910  88.1392 272.0416 15.38510428314244
SKYSAT-C6               
1 42992U 17068F   23166.30862211  .00013161  00000+0  34823-3 0  9993
2 42992  97.3333 290.5628 0003784  98.7132 261.4542 15.38509701314258
FLOCK 3S-1              
1 43769U 18099M   23166.48578157  .00007675  00000+0  60905-3 0  9996
2 43769  97.5670 227.3925 0016377 147.2348 212.9895 15.00671910247344
SKYSAT-C12              
1 43797U 18099AR  23166.65323356  .00012866  00000+0  33742-3 0  9992
2 43797  97.0763 227.2982 0002707 306.8176  53.2821 15.38780557253339
SKYSAT-C13              
1 43802U 18099AW  23166.71898536  .00015919  00000+0  36311-3 0  9990
2 43802  97.1031 227.9929 0011194  80.6567 279.5946 15.42910586252897
FLOCK 4P-11             
1 44809U 19081F   23166.15792532  .00017664  00000+0  38417-3 0  9995
2 44809  97.3518 236.3587 0006568  10.8411 349.2978 15.44359187197549
FLOCK 4P-7              
1 44816U 19081N   23166.49507696  .00018016  00000+0  37940-3 0  9997
2 44816  97.3545 237.1348 0004557   1.6926 358.4338 15.45317517197618
FLOCK 4P-5              
1 44818U 19081Q   23166.14691185  .00020390  00000+0  45941-3 0  9996
2 44818  97.3534 236.2601 0005389   9.8632 350.2721 15.43285187197529
SKYSAT-C14              
1 45788U 20038BL  23166.54830890  .00018682  00000+0  41374-3 0  9996
2 45788  52.9844   4.7031 0010345 354.0416   6.0464 15.43797751171207
SKYSAT-C16              
1 45789U 20038BM  23166.52086296  .00029459  00000+0  45133-3 0  9999
2 45789  52.9859   1.0381 0005439  27.3045 332.8249 15.54103660171245
SKYSAT-C15              
1 45790U 20038BN  23166.25078178  .00017027  00000+0  37586-3 0  9992
2 45790  52.9836   5.6335 0012567 352.0597   8.0207 15.43939216171159
SKYSAT-C17              
1 46179U 20057BQ  23166.19936239  .00014109  00000+0  21453-3 0  9993
2 46179  52.9833  93.8011 0012964 154.9034 205.2608 15.54775994161815
SKYSAT-C18              
1 46180U 20057BR  23166.01176338  .00485129  12120-3  68818-3 0  9992
2 46180  52.9655  69.1740 0003950 281.0364  79.0222 16.05063216160831
SKYSAT-C19              
1 46235U 20057BS  23166.26858055  .00023887  00000+0  32227-3 0  9997
2 46235  52.9791  87.3565 0004723 178.8041 181.2981 15.57688064160618
FLOCK 4V-11             
1 46285U 20061P   23166.73560779  .00010466  00000+0  40342-3 0  9998
2 46285  97.4028 235.7378 0004428  81.6955 278.4786 15.26502838153645
FLOCK 4V-14             
1 46286U 20061Q   23166.13169555  .00011071  00000+0  42422-3 0  9994
2 46286  97.4032 235.1866 0004041  78.2802 281.8890 15.26687043153557
FLOCK 4V-8              
1 46288U 20061S   23166.18873198  .00008765  00000+0  33822-3 0  9996
2 46288  97.4026 235.2230 0003759  93.3018 266.8650 15.26523107153478
FLOCK 4V-6              
1 46289U 20061T   23166.17380007  .00006629  00000+0  27671-3 0  9990
2 46289  97.4071 234.9155 0003816 121.7265 238.4345 15.23979264153534
FLOCK 4V-5              
1 46290U 20061U   23166.18868070  .00028865  00000+0  13130-2 0  9994
2 46290  97.4046 233.1735 0003328 135.8169 224.3333 15.20674758153426
FLOCK 4V-7              
1 46291U 20061V   23166.19150567  .00027615  00000+0  99810-3 0  9993
2 46291  97.4036 235.4162 0002838 115.6884 244.4649 15.28419652153465
FLOCK 4V-10             
1 46296U 20061AA  23166.17790126  .00008641  00000+0  33350-3 0  9992
2 46296  97.4033 235.4900 0002006  81.9743 278.1723 15.26524444153532
FLOCK 4V-13             
1 46297U 20061AB  23166.68990026  .00009198  00000+0  35403-3 0  9999
2 46297  97.4035 236.0303 0001673  79.6618 280.4810 15.26597123153596
FLOCK 4V-1              
1 46313U 20061AT  23166.73743759  .00022765  00000+0  84993-3 0  9996
2 46313  97.4047 236.4685 0002020  26.8445 333.2898 15.27391121153633
FLOCK 4V-4              
1 46314U 20061AU  23166.16411545  .00045102  00000+0  14491-2 0  9994
2 46314  97.4022 236.1348 0001101  68.0876 292.0483 15.32137633153617
FLOCK 4V-16             
1 46527U 20061BD  23166.14469674  .00018263  00000+0  44920-3 0  9993
2 46527  97.3533 238.5973 0002444 261.6692  98.4277 15.40676451150269
FLOCK 4V-15             
1 46528U 20061BE  23166.16618319  .00015947  00000+0  39824-3 0  9991
2 46528  97.3511 238.9470 0000884 332.8121  27.3079 15.40246018150652
FLOCK 4V-17             
1 46529U 20061BF  23166.18884575  .00016055  00000+0  39619-3 0  9996
2 46529  97.3488 238.5402 0000702 282.9307  77.1861 15.40606485149857
FLOCK 4V-18             
1 46597U 20061BG  23166.17779680  .00015777  00000+0  39456-3 0  9999
2 46597  97.3590 239.4242 0002951 277.0234  83.0677 15.40201453149217
FLOCK 4V-19             
1 46609U 20061BH  23166.13757540  .00017585  00000+0  43964-3 0  9998
2 46609  97.3454 238.2091 0000564 180.6605 179.4640 15.40190326148774
FLOCK 4V-20             
1 46612U 20061BJ  23166.14165783  .00008127  00000+0  28100-3 0  9992
2 46612  97.3609 237.2373 0003036 287.6398  72.4511 15.30163750148146
FLOCK 4V-22             
1 46735U 20061BL  23166.17448561  .00058098  00000+0  16360-2 0  9995
2 46735  97.3415 236.3605 0006079 242.6837 117.3789 15.36235952147048
FLOCK 4V-23             
1 46737U 20061BM  23166.16267251  .00056868  00000+0  16435-2 0  9997
2 46737  97.3495 237.0498 0005804 225.9890 134.0876 15.35428958146966
FLOCK 4V-24             
1 46738U 20061BN  23166.17620902  .00016592  00000+0  40924-3 0  9996
2 46738  97.3584 239.4083 0001864 289.6541  70.4504 15.40613138146620
FLOCK 4V-25             
1 46812U 20061BP  23166.72463510  .00017719  00000+0  43830-3 0  9991
2 46812  97.3467 238.9228 0002244 229.0333 131.0720 15.40509884146354
FLOCK 4E'-1             
1 46813U 20077A   23166.12223426  .00018880  00000+0  44067-3 0  9996
2 46813  97.3680 231.7977 0006979 193.9379 166.1676 15.42233688145909
FLOCK 4E'-7             
1 46814U 20077B   23166.14104589  .00021562  00000+0  50288-3 0  9990
2 46814  97.3688 231.9586 0007528 195.3965 164.7054 15.42224301145911
FLOCK 4E'-9             
1 46815U 20077C   23166.15499540  .00046549  00000+0  15219-2 0  9992
2 46815  97.3668 228.2549 0011691 204.4276 155.6413 15.31505381145692
FLOCK 4E'-8             
1 46816U 20077D   23166.13504673  .00020518  00000+0  47234-3 0  9996
2 46816  97.3722 233.4166 0008410 168.2372 191.9073 15.42618321145995
FLOCK 4E'-5             
1 46817U 20077E   23166.17359386  .00018488  00000+0  43113-3 0  9995
2 46817  97.3706 232.7882 0008938 178.4578 181.6698 15.42248724145952
FLOCK 4E'-3             
1 46819U 20077G   23166.15850044  .00018946  00000+0  44256-3 0  9990
2 46819  97.3681 232.4925 0009364 174.3960 185.7394 15.42187613145952
FLOCK 4E'-2             
1 46820U 20077H   23166.13379229  .00064607  00000+0  17561-2 0  9994
2 46820  97.3754 231.8776 0012966 184.6764 175.4361 15.37241725145869
FLOCK 4E'-4             
1 46821U 20077J   23166.13096570  .00054435  00000+0  16556-2 0  9991
2 46821  97.3726 230.3374 0013842 181.4163 178.7043 15.33749894145756
FLOCK 4E'-6             
1 46822U 20077K   23166.42839003  .00048515  00000+0  15294-2 0  9990
2 46822  97.3679 229.3042 0012001 189.3660 170.7361 15.32661042145795
FLOCK 4V-26             
1 46825U 20061BQ  23166.18909422  .00065680  00000+0  16948-2 0  9991
2 46825  97.3581 238.7479 0004341 247.9695 112.1090 15.38917673145772
FLOCK 4S-22             
1 47452U 21006AR  23166.11276772  .00012115  00000+0  41758-3 0  9999
2 47452  97.3918 225.2407 0009279  86.4663 273.7638 15.30115782132413
FLOCK 4S-21             
1 47456U 21006AV  23166.70355446  .00011802  00000+0  40628-3 0  9991
2 47456  97.3919 225.8989 0009419  85.8293 274.4024 15.30159899132501
FLOCK 4S-11             
1 47462U 21006BB  23166.55231734  .00005419  00000+0  26244-3 0  9999
2 47462  97.3890 221.0975 0008853 114.5546 245.6612 15.18929057132208
FLOCK 4S-33             
1 47469U 21006BJ  23166.72692475  .00010754  00000+0  37134-3 0  9996
2 47469  97.3862 225.0404 0005815  95.8396 264.3508 15.30110746132487
FLOCK 4S-12             
1 47471U 21006BL  23166.72812679  .00011120  00000+0  38449-3 0  9997
2 47471  97.3896 225.4044 0007644 101.6085 258.6014 15.30046224132481
FLOCK 4S-13             
1 47472U 21006BM  23166.70461772  .00009958  00000+0  34170-3 0  9993
2 47472  97.3920 225.7307 0007473  96.1297 264.0795 15.30327042132485
FLOCK 4S-35             
1 47473U 21006BN  23166.41501302  .00049301  00000+0  67388-3 0  9999
2 47473  97.3815 229.3333 0006269 134.8511 225.3255 15.57282756132717
FLOCK 4S-8              
1 47474U 21006BP  23166.10826925  .00022041  00000+0  55098-3 0  9994
2 47474  97.3807 224.2308 0007843 116.6546 243.5504 15.40117348132399
FLOCK 4S-31             
1 47475U 21006BQ  23166.16454531  .00017710  00000+0  47343-3 0  9992
2 47475  97.3833 225.7036 0006241  94.0103 266.1856 15.38114512132491
FLOCK 4S-34             
1 47477U 21006BS  23166.12769897  .00010016  00000+0  34463-3 0  9995
2 47477  97.3908 224.9583 0006522  99.5278 260.6699 15.30242699132392
FLOCK 4S-9              
1 47478U 21006BT  23166.46033858  .00011059  00000+0  38303-3 0  9999
2 47478  97.3865 224.6545 0007164 103.0863 257.1177 15.29996022132446
FLOCK 4S-39             
1 47490U 21006CF  23166.16097750  .00010449  00000+0  36129-3 0  9997
2 47490  97.3953 225.6301 0008456  87.9449 272.2760 15.30057116132411
FLOCK 4S-4              
1 47491U 21006CG  23166.15260931  .00010365  00000+0  35722-3 0  9995
2 47491  97.3823 224.2699 0008414  86.7339 273.4864 15.30166113132418
FLOCK 4S-17             
1 47492U 21006CH  23166.16258999  .00010233  00000+0  35528-3 0  9996
2 47492  97.3974 225.7321 0009003  89.7138 270.5134 15.29924372132414
FLOCK 4S-3              
1 47494U 21006CK  23166.16129591  .00021470  00000+0  51728-3 0  9998
2 47494  97.3792 224.6460 0008383 103.4266 256.7915 15.41238368132434
FLOCK 4S-27             
1 47495U 21006CL  23166.38730239  .00011905  00000+0  44592-3 0  9993
2 47495  97.3829 224.0481 0010200 103.7485 256.4890 15.27379873132418
FLOCK 4S-18             
1 47496U 21006CM  23166.14632494  .00009930  00000+0  34329-3 0  9994
2 47496  97.3942 225.5677 0010109  92.1528 268.0871 15.30063225132418
FLOCK 4S-2              
1 47498U 21006CP  23166.14305985  .00033027  00000+0  56644-3 0  9996
2 47498  97.3762 226.9606 0008139 112.7374 247.4739 15.51091771132587
FLOCK 4S-19             
1 47500U 21006CR  23166.39912696  .00010314  00000+0  35676-3 0  9996
2 47500  97.3939 225.8139 0009618  88.4172 271.8170 15.30040491132450
FLOCK 4S-28             
1 47514U 21006DE  23166.42328598  .00010917  00000+0  37762-3 0  9994
2 47514  97.3831 224.4073 0007709  95.7038 264.5082 15.30038594133407
FLOCK 4S-5              
1 47515U 21006DF  23166.74308517  .00010181  00000+0  35056-3 0  9996
2 47515  97.3819 224.6556 0008279  93.9183 266.3004 15.30203037132494
FLOCK 4S-16             
1 47516U 21006DG  23166.15909981  .00014895  00000+0  33053-3 0  9995
2 47516  97.3919 227.2292 0009082  93.4025 266.8262 15.43778547133483
FLOCK 4S-6              
1 47518U 21006DJ  23166.42396004  .00010704  00000+0  36751-3 0  9996
2 47518  97.3844 224.4927 0008100 102.4132 257.8015 15.30284039133419
FLOCK 4S-29             
1 47520U 21006DL  23166.10704073  .00010770  00000+0  37432-3 0  9993
2 47520  97.3846 224.2124 0007640  99.8727 260.3376 15.29885878132399
FLOCK 4S-15             
1 47521U 21006DM  23166.15490379  .00020842  00000+0  49830-3 0  9996
2 47521  97.3905 225.8723 0007883 116.0835 244.1224 15.41481376133403
FLOCK 4S-37             
1 47522U 21006DN  23166.17288052  .00011270  00000+0  38889-3 0  9999
2 47522  97.3936 225.2737 0006940  99.4388 260.7637 15.30115409133374
FLOCK 4S-10             
1 47523U 21006DP  23166.21893675  .00011215  00000+0  38901-3 0  9992
2 47523  97.3879 224.4888 0007371 103.5265 256.6797 15.29944868132400
FLOCK 4S-7              
1 47527U 21006DT  23166.70112967  .00011472  00000+0  39689-3 0  9997
2 47527  97.3840 224.7196 0007230  98.1329 262.0731 15.30024039133446
FLOCK 4S-14             
1 47528U 21006DU  23166.70863099  .00011149  00000+0  38584-3 0  9991
2 47528  97.3937 225.8120 0007395  99.5563 260.6513 15.30020811133446
FLOCK 4S-36             
1 47530U 21006DW  23166.11697482  .00011178  00000+0  38507-3 0  9997
2 47530  97.3927 225.1138 0007212  99.5633 260.6423 15.30170530133350
FLOCK 4S-24             
1 47539U 21006DZ  23166.71475290  .00011230  00000+0  38750-3 0  9992
2 47539  97.3871 225.3895 0009136  83.7464 276.4817 15.30100754132502
FLOCK 4S-20             
1 47540U 21006EA  23166.71166561  .00011075  00000+0  38271-3 0  9997
2 47540  97.3931 226.0291 0009129  86.1942 274.0342 15.30056032131571
FLOCK 4S-25             
1 47542U 21006EC  23166.38301592  .00010258  00000+0  35200-3 0  9998
2 47542  97.3845 224.8279 0009642  89.3519 270.8826 15.30301254131529
FLOCK 4S-1              
1 47543U 21006ED  23166.70683936  .00011739  00000+0  40122-3 0  9994
2 47543  97.3859 225.1641 0009106  80.5008 279.7261 15.30398720131573
FLOCK 4S-30             
1 47544U 21006EE  23166.10493215  .00010766  00000+0  37098-3 0  9995
2 47544  97.3853 224.2819 0006902 100.0627 260.1393 15.30171730133359
FLOCK 4S-23             
1 47545U 21006EF  23166.70992338  .00031121  00000+0  61329-3 0  9994
2 47545  97.3828 227.4378 0008307 104.6372 255.5800 15.47124069133605
FLOCK 4S-42             
1 47612U 21006EQ  23166.16838528  .00010346  00000+0  35786-3 0  9993
2 47612  97.3903 225.1563 0009273  99.1804 261.0486 15.30042898132417
FLOCK 4S-48             
1 47617U 21006EJ  23166.72369581  .00012426  00000+0  42678-3 0  9997
2 47617  97.3897 225.8075 0009798  79.3723 280.8621 15.30219070133487
FLOCK 4S-46             
1 47684U 21006EK  23166.15009395  .00008906  00000+0  30769-3 0  9998
2 47684  97.3908 225.1909 0007088 109.9998 250.2006 15.30142634132429
FLOCK 4S-47             
1 47685U 21006EL  23166.46603255  .00008121  00000+0  27928-3 0  9990
2 47685  97.3863 224.8514 0007233  99.5168 260.6891 15.30319760133416
FLOCK 4S-44             
1 47686U 21006EM  23166.46478429  .00011158  00000+0  38261-3 0  9990
2 47686  97.3913 225.6174 0010643  94.6185 265.6272 15.30291484132462
FLOCK 4S-43             
1 47687U 21006EN  23166.12854280  .00012400  00000+0  43288-3 0  9993
2 47687  97.3883 224.5554 0006313 115.2718 244.9178 15.29716168133353
FLOCK 4S-45             
1 47688U 21006EP  23166.14544851  .00008950  00000+0  30958-3 0  9991
2 47688  97.3899 224.6859 0009107  78.5106 281.7156 15.30085327133359
FLOCK 4S-41             
1 47698U 21006ER  23166.16600225  .00010230  00000+0  35336-3 0  9991
2 47698  97.3957 225.5142 0008660  92.6261 267.5971 15.30095598132405
FLOCK 4X-8              
1 50992U 22002J   23166.18451483  .00009302  00000+0  34090-3 0  9995
2 50992  97.4408 234.7219 0007575 238.5311 121.5189 15.28194630 78533
FLOCK 4X-44             
1 50994U 22002L   23166.12790877  .00011646  00000+0  42560-3 0  9999
2 50994  97.4420 234.7774 0007560 237.2502 122.8009 15.28224370 78526
FLOCK 4X-2              
1 50996U 22002N   23166.78123682  .00010528  00000+0  38606-3 0  9991
2 50996  97.4413 235.3769 0007575 235.9660 124.0861 15.28139170 78621
FLOCK 4X-20             
1 50997U 22002P   23166.18556052  .00009264  00000+0  33898-3 0  9990
2 50997  97.4415 234.7832 0007729 238.6043 121.4441 15.28248473 78536
FLOCK 4X-30             
1 51000U 22002S   23166.71183505  .00010591  00000+0  38751-3 0  9992
2 51000  97.4360 234.9383 0007870 226.1766 133.8824 15.28210188 78618
FLOCK 4X-22             
1 51003U 22002V   23166.17971201  .00009768  00000+0  35623-3 0  9992
2 51003  97.4397 234.6846 0007682 242.0815 117.9647 15.28342280 78531
FLOCK 4X-5              
1 51004U 22002W   23166.17811747  .00009050  00000+0  33092-3 0  9993
2 51004  97.4367 234.4970 0008148 230.3281 129.7240 15.28274978 78538
FLOCK 4X-41             
1 51005U 22002X   23166.17443623  .00009385  00000+0  34208-3 0  9999
2 51005  97.4353 234.3919 0007807 226.4599 133.5993 15.28371063 78536
FLOCK 4X-3              
1 51006U 22002Y   23166.17095877  .00009019  00000+0  32830-3 0  9997
2 51006  97.4411 234.7932 0008063 236.7264 123.3204 15.28422876 78530
FLOCK 4X-18             
1 51007U 22002Z   23166.42986443  .00012719  00000+0  45092-3 0  9999
2 51007  97.4349 234.7915 0009387 226.2222 133.8242 15.29184165 78579
FLOCK 4X-37             
1 51009U 22002AB  23166.49949802  .00009737  00000+0  35555-3 0  9995
2 51009  97.4417 235.1744 0008275 235.5997 124.4461 15.28297410 78586
FLOCK 4X-15             
1 51010U 22002AC  23166.17979975  .00014756  00000+0  49588-3 0  9994
2 51010  97.4417 235.0157 0009910 219.2433 140.8091 15.30886076 78548
FLOCK 4X-29             
1 51011U 22002AD  23166.17034324  .00008865  00000+0  32436-3 0  9993
2 51011  97.4380 234.5143 0007999 230.8481 129.2048 15.28261975 78538
FLOCK 4X-12             
1 51015U 22002AH  23166.43072203  .00009163  00000+0  33676-3 0  9993
2 51015  97.4407 235.0407 0008944 233.2807 126.7611 15.28097816 78574
FLOCK 4X-25             
1 51016U 22002AJ  23166.62239535  .00012302  00000+0  44558-3 0  9998
2 51016  97.4384 235.1259 0008290 239.9115 120.1303 15.28501024 78605
FLOCK 4X-1              
1 51017U 22002AK  23166.75403386  .00010693  00000+0  39190-3 0  9997
2 51017  97.4372 235.1337 0008667 230.5531 129.4942 15.28145342 78627
FLOCK 4X-42             
1 51018U 22002AL  23166.49609823  .00010103  00000+0  37047-3 0  9998
2 51018  97.4356 234.7604 0008501 228.4586 131.5925 15.28145045 78585
FLOCK 4X-16             
1 51020U 22002AN  23166.16072681  .00009811  00000+0  35891-3 0  9990
2 51020  97.4368 234.4772 0008350 228.8754 131.1765 15.28232673 78534
FLOCK 4X-38             
1 51023U 22002AR  23166.16194949  .00009354  00000+0  34308-3 0  9999
2 51023  97.4412 234.8196 0008710 234.8229 125.2195 15.28160805 78533
FLOCK 4X-32             
1 51024U 22002AS  23166.16101433  .00008714  00000+0  32019-3 0  9992
2 51024  97.4422 234.8557 0008639 232.3623 127.6833 15.28122005 78532
FLOCK 4X-26             
1 51026U 22002AU  23166.73874882  .00010806  00000+0  39431-3 0  9992
2 51026  97.4375 235.1658 0008615 235.7995 124.2429 15.28286706 78623
FLOCK 4X-43             
1 51027U 22002AV  23166.15530025  .00009370  00000+0  34271-3 0  9998
2 51027  97.4368 234.5395 0008510 228.6688 131.3820 15.28251846 78532
FLOCK 4X-13             
1 51028U 22002AW  23166.74487315  .00010530  00000+0  38560-3 0  9992
2 51028  97.4370 235.1206 0008872 225.4655 134.5861 15.28175080 78629
FLOCK 4X-39             
1 51029U 22002AX  23166.73510673  .00011388  00000+0  41417-3 0  9993
2 51029  97.4373 235.1392 0008433 226.0008 134.0538 15.28383333 78629
FLOCK 4X-17             
1 51035U 22002BD  23166.73770831  .00011436  00000+0  41812-3 0  9997
2 51035  97.4409 235.2341 0005450 232.8971 127.1771 15.28226528 78614
FLOCK 4X-10             
1 51037U 22002BF  23166.71823700  .00010681  00000+0  39087-3 0  9993
2 51037  97.4423 235.3589 0007540 233.9288 126.1253 15.28203568 78604
FLOCK 4X-36             
1 51039U 22002BH  23165.93635072  .00010312  00000+0  37821-3 0  9996
2 51039  97.4413 234.5451 0006484 236.7135 123.3484 15.28146902 78492
FLOCK 4X-21             
1 51040U 22002BJ  23166.16934809  .00013497  00000+0  46133-3 0  9997
2 51040  97.4382 234.6724 0007389 221.0476 139.0209 15.30378596 78536
FLOCK 4X-31             
1 51041U 22002BK  23166.13810214  .00010133  00000+0  37135-3 0  9994
2 51041  97.4359 234.3489 0004866 227.8167 132.2659 15.28184736 78525
FLOCK 4X-34             
1 51042U 22002BL  23166.67048878  .00011856  00000+0  43493-3 0  9990
2 51042  97.4422 235.2531 0005934 237.6812 122.3853 15.28105595 78609
FLOCK 4X-6              
1 51043U 22002BM  23166.13790487  .00010607  00000+0  38667-3 0  9992
2 51043  97.4405 234.6231 0005815 234.7632 125.3063 15.28342376 78524
FLOCK 4X-28             
1 51045U 22002BP  23166.73519657  .00016063  00000+0  53883-3 0  9997
2 51045  97.4362 235.1388 0008125 203.9702 156.1162 15.30941255 78627
FLOCK 4X-19             
1 51046U 22002BQ  23166.13216254  .00018426  00000+0  50985-3 0  9994
2 51046  97.4380 235.4104 0005048 211.0982 148.9964 15.37042973 78577
FLOCK 4X-9              
1 51047U 22002BR  23166.73010478  .00012134  00000+0  44430-3 0  9999
2 51047  97.4414 235.2980 0006462 238.1848 121.8763 15.28157207 78617
FLOCK 4X-35             
1 51048U 22002BS  23166.13807247  .00010872  00000+0  39885-3 0  9997
2 51048  97.4344 234.2573 0006204 228.0491 132.0220 15.28125790 78527
FLOCK 4X-11             
1 51049U 22002BT  23166.16769568  .00011893  00000+0  40656-3 0  9996
2 51049  97.4353 234.4477 0006780 213.8457 146.2352 15.30409232 78539
FLOCK 4X-40             
1 51052U 22002BW  23166.73676535  .00011272  00000+0  41279-3 0  9997
2 51052  97.4360 234.9063 0005403 238.5126 121.5586 15.28177423 78610
FLOCK 4X-24             
1 51056U 22002CA  23166.73979650  .00010282  00000+0  37536-3 0  9996
2 51056  97.4361 234.9511 0005600 225.6646 134.4135 15.28306356 78618
FLOCK 4X-4              
1 51064U 22002CJ  23166.19331197  .00011668  00000+0  42516-3 0  9996
2 51064  97.4372 234.4794 0006445 227.4162 132.6534 15.28327630 78530
FLOCK 4X-7              
1 51065U 22002CK  23166.13541664  .00010650  00000+0  39052-3 0  9994
2 51065  97.4394 234.6008 0006111 238.0129 122.0517 15.28147180 78529
FLOCK 4X-14             
1 51066U 22002CL  23166.13317761  .00011712  00000+0  42773-3 0  9998
2 51066  97.4430 234.8267 0006394 239.7942 120.2665 15.28252859 78528
FLOCK 4Y-24             
1 55020U 23001M   23166.75556150  .00006468  00000+0  31758-3 0  9990
2 55020  97.4771 226.5415 0011036  26.9408 333.2397 15.18365153 24862
FLOCK 4Y-32             
1 55021U 23001N   23166.68574278  .00006163  00000+0  30215-3 0  9993
2 55021  97.4769 226.4749 0010884  22.9300 337.2417 15.18439600 24851
FLOCK 4Y-22             
1 55022U 23001P   23166.35478104  .00006060  00000+0  29774-3 0  9993
2 55022  97.4775 226.1622 0011085  18.8249 341.3393 15.18369369 24804
FLOCK 4Y-18             
1 55023U 23001Q   23166.68497108  .00006582  00000+0  32260-3 0  9998
2 55023  97.4804 226.5499 0010816  24.1284 336.0454 15.18425496 24852
FLOCK 4Y-14             
1 55024U 23001R   23166.67844683  .00005980  00000+0  29372-3 0  9993
2 55024  97.4790 226.5384 0011312  27.6680 332.5153 15.18382243 24859
FLOCK 4Y-30             
1 55025U 23001S   23166.34605075  .00004789  00000+0  23582-3 0  9991
2 55025  97.4804 226.2400 0011287  27.3281 332.8544 15.18401832 24805
FLOCK 4Y-19             
1 55026U 23001T   23166.35161017  .00005776  00000+0  28366-3 0  9998
2 55026  97.4766 226.1481 0011373  19.6818 340.4853 15.18401667 24801
FLOCK 4Y-25             
1 55027U 23001U   23166.74026120  .00006182  00000+0  30348-3 0  9992
2 55027  97.4759 226.5360 0010980  23.6903 336.4834 15.18390494 24862
FLOCK 4Y-5              
1 55028U 23001V   23166.73292099  .00006138  00000+0  30077-3 0  9992
2 55028  97.4775 226.5778 0011467  16.6285 343.5323 15.18453656 24862
FLOCK 4Y-10             
1 55029U 23001W   23166.40943678  .00006103  00000+0  29950-3 0  9993
2 55029  97.4799 226.3016 0011025  22.8603 337.3120 15.18409610 24817
FLOCK 4Y-29             
1 55030U 23001X   23166.73749195  .00006522  00000+0  32012-3 0  9997
2 55030  97.4759 226.5412 0011440  21.6496 338.5220 15.18374062 24866
FLOCK 4Y-17             
1 55031U 23001Y   23166.68108102  .00006029  00000+0  29633-3 0  9996
2 55031  97.4803 226.5645 0011455  24.2282 335.9488 15.18355726 24855
FLOCK 4Y-7              
1 55032U 23001Z   23166.72516876  .00005550  00000+0  27180-3 0  9996
2 55032  97.4771 226.5783 0011816  16.5927 343.5692 15.18516335 24862
FLOCK 4Y-28             
1 55033U 23001AA  23166.41648059  .00015435  00000+0  70485-3 0  9991
2 55033  97.4741 226.3275 0009462  27.2403 332.9326 15.20640933 24823
FLOCK 4Y-3              
1 55035U 23001AC  23166.38798599  .00006258  00000+0  30682-3 0  9992
2 55035  97.4765 226.2499 0014420  22.5861 337.6005 15.18391584 24811
FLOCK 4Y-1              
1 55039U 23001AG  23166.45746238  .00009587  00000+0  46464-3 0  9990
2 55039  97.4765 226.3036 0011762  18.9493 341.2177 15.18681432 24825
FLOCK 4Y-16             
1 55040U 23001AH  23166.72645479  .00006752  00000+0  33040-3 0  9994
2 55040  97.4812 226.6708 0011682  25.0306 335.1492 15.18463703 24867
FLOCK 4Y-33             
1 55042U 23001AK  23166.73076604  .00006324  00000+0  30979-3 0  9998
2 55042  97.4758 226.5383 0011766  19.1745 340.9929 15.18450741 24867
FLOCK 4Y-11             
1 55043U 23001AL  23166.74587074  .00006097  00000+0  30489-3 0  9991
2 55043  97.4804 226.6295 0011445  19.2328 340.9335 15.17747579 24863
FLOCK 4Y-4              
1 55055U 23001AY  23166.72116778  .00006842  00000+0  33395-3 0  9998
2 55055  97.4783 226.6085 0013410  19.9110 340.2645 15.18527267 24867
FLOCK 4Y-35             
1 55057U 23001BA  23166.12815787  .00006505  00000+0  31906-3 0  9992
2 55057  97.4796 226.0576 0012762  27.6959 332.4953 15.18384326 24770
FLOCK 4Y-20             
1 55063U 23001BG  23166.71487603  .00007166  00000+0  35105-3 0  9995
2 55063  97.4813 226.6877 0014527  25.2440 334.9501 15.18367230 24868
FLOCK 4Y-12             
1 55065U 23001BJ  23166.39066458  .00006313  00000+0  30957-3 0  9995
2 55065  97.4823 226.3738 0014082  25.8915 334.3021 15.18387668 24816
FLOCK 4Y-6              
1 55066U 23001BK  23166.38730834  .00006484  00000+0  31803-3 0  9991
2 55066  97.4810 226.3440 0014202  27.2631 332.9345 15.18366796 24810
FLOCK 4Y-15             
1 55068U 23001BM  23166.11319402  .00006799  00000+0  33305-3 0  9996
2 55068  97.4758 225.9917 0014787  21.8892 338.2970 15.18384883 24779
FLOCK 4Y-9              
1 55069U 23001BN  23166.71102471  .00007132  00000+0  34937-3 0  9993
2 55069  97.4797 226.6552 0014342  28.2830 331.9180 15.18372396 24865
FLOCK 4Y-26             
1 55070U 23001BP  23166.11495370  .00007219  00000+0  35326-3 0  9991
2 55070  97.4766 225.9929 0014498  20.0704 340.1097 15.18405522 24772
FLOCK 4Y-8              
1 55071U 23001BQ  23166.38225822  .00008571  00000+0  41756-3 0  9990
2 55071  97.4773 226.2724 0014702  23.1161 337.0732 15.18496881 24811
FLOCK 4Y-2              
1 55074U 23001BT  23166.17364648  .00006668  00000+0  32820-3 0  9997
2 55074  97.4802 226.1584 0014682  27.5505 332.6504 15.18227987 24780
FLOCK 4Y-31             
1 55075U 23001BU  23166.10852180  .00006450  00000+0  31666-3 0  9990
2 55075  97.4765 226.0096 0014812  20.2479 339.9339 15.18330903 24779
FLOCK 4Y-21             
1 55077U 23001BW  23166.70166462  .00006564  00000+0  32245-3 0  9999
2 55077  97.4809 226.6905 0014737  24.5855 335.6079 15.18304476 24866
FLOCK 4Y-36             
1 55078U 23001BX  23166.10990105  .00007208  00000+0  35266-3 0  9995
2 55078  97.4782 226.0404 0014724  26.1993 333.9983 15.18408251 24773
FLOCK 4Y-13             
1 55079U 23001BY  23166.11337471  .00006832  00000+0  33542-3 0  9995
2 55079  97.4799 226.0765 0015220  25.5179 334.6803 15.18303341 24776
FLOCK 4Y-23             
1 55080U 23001BZ  23166.16643327  .00006303  00000+0  30913-3 0  9994
2 55080  97.4774 226.1007 0015126  22.1978 337.9908 15.18370349 24781
FLOCK 4Y-34             
1 55082U 23001CB  23166.75607124  .00006490  00000+0  31768-3 0  9992
2 55082  97.4781 226.7106 0014799  19.4562 340.7234 15.18430408 24877
FLOCK 4Y-27             
1 55083U 23001CC  23166.15986014  .00006417  00000+0  31154-3 0  9993
2 55083  97.4781 226.1196 0015315  22.9434 337.2481 15.18712914 24783
LEMUR-1                 
1 40044U 14033AL  23166.44494071  .00001831  00000+0  26349-3 0  9993
2 40044  97.6677 340.8653 0058143  63.1498 297.5640 14.76377943483006
LEMUR-2-ANUBHAVTHAKUR   
1 41873U 16062E   23166.30420148  .00016267  00000+0  42951-3 0  9993
2 41873  51.6765  93.4784 0006691 119.7239 240.4412 15.38573816364955
LEMUR-2-JOBANPUTRA      
1 41991U 17008AV  23166.58519416  .00345585  00000+0  15989-2 0  9990
2 41991  97.1751 231.2973 0003094 229.3373 130.7628 15.82586752352239
LEMUR-2-SATCHMO         
1 41993U 17008AX  23166.13205034  .00052359  00000+0  75107-3 0  9994
2 41993  97.1997 228.8645 0003203  42.8779 317.2726 15.55978528352025
LEMUR-2-RDEATON         
1 41995U 17008AZ  23166.17220783  .00039773  00000+0  65716-3 0  9998
2 41995  97.2118 228.8077 0004094  49.3711 310.7897 15.52129919352676
LEMUR-2-MIA-GRACE       
1 41998U 17008BC  23166.12031789  .00044660  00000+0  73048-3 0  9990
2 41998  97.2111 228.2367 0003230  34.0445 326.1015 15.52392610351889
LEMUR-2-SHAINAJOHL      
1 42771U 17036G   23166.67033111  .00099591  00000+0  11316-2 0  9994
2 42771  97.1459 206.5418 0007075 102.1550 258.0501 15.61971602332891
LEMUR-2-XUENITERENCE    
1 42772U 17036H   23166.06667893  .01374077  12704-2  15177-2 0  9990
2 42772  97.0788 208.7402 0009830 237.2240 122.8097 16.09848013333071
LEMUR-2-LUCYBRYCE       
1 42773U 17036J   23166.06464746  .00083700  00000+0  12269-2 0  9994
2 42773  97.1496 204.6042 0007813 106.8506 253.3606 15.55234726332658
LEMUR-2-KUNGFOO         
1 42774U 17036K   23166.54366260  .00117711  00000+0  12606-2 0  9995
2 42774  97.1424 207.0810 0006162 110.3828 249.8094 15.63445226332911
LEMUR-2-LYNSEY-SYMO     
1 42779U 17036Q   23166.66536722  .00688073  20651-3  16363-2 0  9991
2 42779  97.1193 215.0360 0007838 187.8620 172.2536 15.96644567333408
LEMUR-2-LISASAURUS      
1 42780U 17036R   23166.05838658  .00184257  00000+0  14323-2 0  9990
2 42780  97.1362 208.4996 0004615 133.3180 226.8469 15.71200175332930
LEMUR-2-SAM-AMELIA      
1 42781U 17036S   23166.54591327  .00034808  00000+0  78602-3 0  9991
2 42781  97.1494 205.7389 0009554 101.8319 258.4001 15.43075937332741
LEMUR-2-MCPEAKE         
1 42782U 17036T   23166.10712376  .00108056  00000+0  12207-2 0  9998
2 42782  97.1453 209.5412 0006146 111.6301 248.5613 15.62100051333006
LEMUR-2-GREENBERG       
1 42837U 17042N   23166.49354247  .00004946  00000+0  43090-3 0  9995
2 42837  97.3910   9.0928 0010964 211.4154 148.6415 14.97278415322511
LEMUR-2-ANDIS           
1 42838U 17042P   23166.55286810  .00004611  00000+0  40224-3 0  9998
2 42838  97.3896   9.0345 0011046 211.5897 148.4664 14.97255949322527
LEMUR-2-MONSON          
1 42839U 17042Q   23166.50098775  .00004744  00000+0  41738-3 0  9993
2 42839  97.3916   8.6815 0010654 209.6690 150.3930 14.96914560322484
LEMUR-2-FURIAUS         
1 42840U 17042R   23166.53910689  .00003638  00000+0  32164-3 0  9999
2 42840  97.3949   9.0913 0010722 213.7240 146.3301 14.96864816322484
LEMUR-2-PETERG          
1 42841U 17042S   23166.51296396  .00004229  00000+0  37246-3 0  9993
2 42841  97.3962  10.3697 0010639 205.5103 154.5596 14.96931959322556
LEMUR-2-DEMBITZ         
1 42842U 17042T   23166.54889234  .00003824  00000+0  33444-3 0  9992
2 42842  97.3936  10.3307 0010627 208.7182 151.3457 14.97255399322576
LEMUR-2-ZACHARY         
1 42845U 17042W   23166.56663234  .00006309  00000+0  52409-3 0  9990
2 42845  97.3802   9.5580 0011127 204.4457 155.6241 14.99024573322655
LEMUR-2-MARSHALL        
1 43165U 18010C   23166.19523042  .00144100  00000+0  14762-2 0  9994
2 43165  82.8943  75.2626 0013266  95.5225 264.7548 15.64400013300305
LEMUR-2-TALLHAMN-ATC    
1 43167U 18010E   23166.51085812  .00054436  00000+0  10394-2 0  9999
2 43167  82.9056  84.8879 0018484 114.8031 245.5145 15.47715387299734
LEMUR-2-JIN-LUEN        
1 43182U 18014C   23166.71194741  .00005376  00000+0  39426-3 0  9991
2 43182  97.6194  69.0621 0015378 157.3059 202.8849 15.03825581293380
LEMUR-2-URAMCHANSOL     
1 43183U 18014D   23166.30504783  .00011632  00000+0  82207-3 0  9995
2 43183  97.6163  69.1009 0016088 150.8945 209.3181 15.04950730293342
LEMUR-2-KADI            
1 43184U 18014E   23166.29388151  .00006004  00000+0  43779-3 0  9991
2 43184  97.6046  68.4651 0014161 138.2073 222.0237 15.04008481293318
LEMUR-2-THENICKMOLO     
1 43185U 18014F   23166.26834745  .00006770  00000+0  49072-3 0  9996
2 43185  97.6108  68.8558 0010397 138.3701 221.8318 15.04227258293327
LEMUR-2-ZUPANSKI        
1 43695U 18088F   23166.51521803  .00072249  00000+0  10184-2 0  9994
2 43695  85.0181  67.3064 0006442 177.6547 182.4745 15.56331545255697
LEMUR-2-CHANUSIAK       
1 43697U 18088H   23166.20059880  .00136485  00000+0  12300-2 0  9998
2 43697  85.0172  66.6277 0007548 184.5005 175.6195 15.67719968255875
LEMUR-2-CHRISTINAHOLT   
1 43882U 18111G   23166.26649063  .00006542  00000+0  46150-3 0  9996
2 43882  97.6560  74.2792 0011526 137.9512 222.2601 15.05250733244213
LEMUR-2-TINYKEV         
1 43883U 18111H   23166.53252975  .00010462  00000+0  71238-3 0  9990
2 43883  97.6361  74.4651 0011948 132.1477 228.0768 15.06414589244281
LEMUR-2-REMY-COLTON     
1 43884U 18111J   23166.31859643  .00006952  00000+0  48038-3 0  9993
2 43884  97.6461  75.0473 0003449 109.3722 250.7877 15.06047922242271
LEMUR-2-GUSTAVO         
1 43885U 18111K   23166.31346075  .00007160  00000+0  49964-3 0  9995
2 43885  97.6452  74.4934 0017298 141.7711 218.4746 15.05556005244232
LEMUR-2-ZO              
1 43886U 18111L   23166.29984902  .00008437  00000+0  58916-3 0  9995
2 43886  97.6349  74.5160 0014789 158.7392 201.4452 15.05509294244240
LEMUR-2-NATALIEMURRAY   
1 43887U 18111M   23166.54660319  .00008673  00000+0  60068-3 0  9990
2 43887  97.6479  75.4659 0013580 109.4766 250.7929 15.05821855244307
LEMUR-2-SARAHBETTYBOO   
1 43888U 18111N   23166.52871991  .00007734  00000+0  53112-3 0  9998
2 43888  97.6798  76.7175 0012553 186.3255 173.7816 15.06187735244318
LEMUR-2-DAISY-HARPER    
1 43889U 18111P   23166.32704552  .00006448  00000+0  44496-3 0  9991
2 43889  97.6718  76.4824 0010871 184.4689 175.6443 15.06087101244289
LEMUR-2-BEAUDACIOUS     
1 44085U 19018H   23166.68865307  .00403725  63466-4  12913-2 0  9999
2 44085  97.2454 234.5444 0010595 229.6048 130.4302 15.90937471234852
LEMUR-2-LILLYJO         
1 44396U 19038L   23166.50488900  .00031637  00000+0  89739-3 0  9997
2 44396  97.6452 148.4421 0012642 302.0690  57.9325 15.36092891218422
LEMUR-2-WANLI           
1 44402U 19038S   23166.50205748  .00034784  00000+0  91370-3 0  9992
2 44402  97.6422 148.2680 0011635 308.9439  51.0767 15.38470314218415
LEMUR-2-MORAG           
1 44403U 19038T   23166.47330946  .00027673  00000+0  85921-3 0  9992
2 44403  97.6529 148.6308 0012727 305.7670  54.2388 15.33266352218380
LEMUR-2-DUSTINTHEWIND   
1 44405U 19038V   23166.48310172  .00030729  00000+0  89450-3 0  9991
2 44405  97.6496 147.6818 0014249 303.0747  56.9127 15.35265158218371
LEMUR-2-ALEX-MADDY      
1 44407U 19038X   23166.37654427  .00017819  00000+0  62551-3 0  9993
2 44407  97.6612 146.2477 0014957 315.2014  44.8017 15.29370947218186
LEMUR-2-EJATTA          
1 44409U 19038Z   23166.46865527  .00030508  00000+0  86234-3 0  9994
2 44409  97.6467 148.7307 0012486 300.3761  59.6248 15.36211654218451
LEMUR-2-GREGROBINSON    
1 44411U 19038AB  23166.44244440  .00029619  00000+0  78998-3 0  9999
2 44411  97.6467 149.3209 0015410 326.3489  33.6775 15.37980596218093
LEMUR-2-YNDRD           
1 44413U 19038AD  23166.72214043  .00020222  00000+0  66761-3 0  9994
2 44413  97.6565 146.6036 0014213 312.5450  47.4589 15.31345483218266
LEMUR-2-JPGSQUARED      
1 44855U 19089D   23166.18780702  .00014152  00000+0  78436-3 0  9997
2 44855  36.9635  89.9885 0009287 307.2914  52.6985 15.13148479192740
LEMUR-2-HIMOMANDDAD     
1 44860U 19089J   23165.79337391  .00015545  00000+0  86227-3 0  9995
2 44860  36.9644  94.2301 0009803 301.3244  58.6542 15.13087405192547
LEMUR-2-PAPPY           
1 44861U 19089K   23166.16446955  .00012300  00000+0  71492-3 0  9999
2 44861  36.9630  93.4680 0009341 300.7102  59.2723 15.11487076192642
LEMUR-2-THEODOSIA       
1 44863U 19089M   23166.14576150  .00016595  00000+0  90816-3 0  9991
2 44863  36.9621  90.5050 0009973 306.9209  53.0623 15.13550590192588
LEMUR-2-ETHANOAKES      
1 46298U 20061AC  23166.75249282  .00057994  00000+0  14452-2 0  9996
2 46298  97.4067 240.3385 0001606 153.0900 207.0430 15.40028240153865
LEMUR-2-OSCARLATOR      
1 46299U 20061AD  23166.72569028  .00072851  00000+0  15344-2 0  9997
2 46299  97.4092 241.2099 0002012 177.6041 182.5217 15.45006932153944
LEMUR-2-SCHMIDTFALL     
1 46315U 20061AV  23166.20855997  .00067180  00000+0  13705-2 0  9990
2 46315  97.4102 241.5183 0001719 193.6043 166.5160 15.45970545153955
LEMUR-2-DJUPROERA       
1 46316U 20061AW  23166.24659550  .00097108  00000+0  16267-2 0  9991
2 46316  97.4087 242.4512 0002542 203.0142 157.0996 15.51507703154025
LEMUR-2-SQUAREJAWS      
1 46317U 20061AX  23166.76501220  .00090554  00000+0  16795-2 0  9993
2 46317  97.4098 242.5516 0002201 205.3446 154.7697 15.48637167154089
LEMUR-2-URSA-AVION      
1 46318U 20061AY  23166.75788695  .00090621  00000+0  17312-2 0  9997
2 46318  97.4097 242.3937 0001958 209.5097 150.6043 15.47784201154070
LEMUR-2-SLICERS         
1 46500U 20068Q   23166.37054373  .00015251  00000+0  77844-3 0  9997
2 46500  97.7557 115.4282 0012116 127.8455 232.3876 15.16751838148866
LEMUR-2-DAYWZAGOODDAY   
1 46501U 20068R   23166.40337433  .00015741  00000+0  80908-3 0  9992
2 46501  97.7579 115.7866 0011888 126.8286 233.4039 15.16501998148872
LEMUR-2-SUSURRUS        
1 46502U 20068S   23166.37130643  .00015298  00000+0  78099-3 0  9998
2 46502  97.7566 115.4329 0011821 127.8847 232.3456 15.16749274148862
LEMUR-2-NICHOL          
1 46503U 20068T   23166.40464116  .00014298  00000+0  75381-3 0  9998
2 46503  97.7578 115.2627 0011522 132.7710 227.4493 15.15631619148854
LEMUR-2-OZARAK          
1 46908U 20081D   23166.50402568  .00010440  00000+0  61889-3 0  9999
2 46908  36.8990 216.7046 0008581 180.5818 179.4917 15.10828311142895
LEMUR-2-JINDRA          
1 46909U 20081E   23166.19526525  .00011465  00000+0  64272-3 0  9992
2 46909  36.8987 214.2489 0009215 185.5590 174.5054 15.12803175142906
LEMUR-2-WALLACE         
1 46910U 20081F   23166.23711494  .00010653  00000+0  61214-3 0  9991
2 46910  36.8985 215.4983 0008979 183.2791 176.7896 15.11941763142882
LEMUR-2-JEREMIAH        
1 46911U 20081G   23166.15553648  .00009203  00000+0  54132-3 0  9998
2 46911  36.9023 216.7690 0009514 179.9274 180.1473 15.11152702142876
LEMUR-2-NEVA            
1 47450U 21006AP  23166.38585349  .00034342  00000+0  10412-2 0  9997
2 47450  97.3947 226.9882 0008985  94.9230 265.3039 15.34014155132547
LEMUR-2-SAOIRSEDH5GUO   
1 47453U 21006AS  23166.72058193  .00041499  00000+0  11657-2 0  9993
2 47453  97.3968 227.8936 0007709  99.7383 260.4732 15.36387082132616
LEMUR-2-NALLYWACKER     
1 47457U 21006AW  23166.73718740  .00040815  00000+0  11356-2 0  9996
2 47457  97.3942 227.8744 0008160  95.5865 264.6310 15.36684978132634
LEMUR-2-MANGO1          
1 47493U 21006CJ  23166.63331813  .00023579  00000+0  83332-3 0  9999
2 47493  97.3902 225.1382 0009103  98.9653 261.2618 15.29152890132481
LEMUR-2-RUAIRI-EILIDH   
1 47511U 21006DC  23166.72946096  .00029295  00000+0  95644-3 0  9995
2 47511  97.3882 225.2278 0007191 103.1601 257.0443 15.31695429132506
LEMUR-2-JENNIFERSONG    
1 47525U 21006DR  23166.73045695  .00041885  00000+0  11611-2 0  9996
2 47525  97.3896 227.3843 0008176  92.5955 267.6225 15.36792985132633
LEMUR-2-CHANTAL         
1 47529U 21006DV  23166.16763699  .00018929  00000+0  65392-3 0  9997
2 47529  97.3869 224.0960 0007109  99.9733 260.2310 15.29955699133338
LEMUR-2-NOOBNOOB        
1 47538U 21006DY  23166.71125957  .00023794  00000+0  75706-3 0  9993
2 47538  97.3928 226.9564 0009040  90.0759 270.1519 15.32551186132563
LEMUR-2-AMANDA-SVANTE   
1 48269U 21034B   23166.24068849  .00005266  00000+0  52752-3 0  9990
2 48269  97.7070 233.9669 0001974 338.0118  22.1016 14.91793177115529
LEMUR-2-SPECIAL-K       
1 48273U 21034F   23166.69425780  .00006122  00000+0  60547-3 0  9998
2 48273  97.7071 234.4390 0001938 333.9818  26.1304 14.92238909115604
LEMUR-2-JACKSON         
1 48885U 21059G   23166.38316488  .00030210  00000+0  85774-3 0  9998
2 48885  97.5859 304.3140 0005581 263.2849  96.7759 15.36135853109201
LEMUR-2-ANNABANANA      
1 48923U 21059AW  23166.58118327  .00040472  00000+0  10083-2 0  9996
2 48923  97.5803 305.6556 0007138 244.7796 115.2710 15.40102197109342
LEMUR-2-JOHN-TREIRES    
1 48925U 21059AY  23166.33275678  .00043763  00000+0  97247-3 0  9998
2 48925  97.5966 307.1579 0008465 248.5854 111.4491 15.43520159109379
LEMUR-2-AC-CUBED        
1 48927U 21059BA  23166.37503086  .00030238  00000+0  82952-3 0  9991
2 48927  97.5940 305.7863 0010428 257.8800 102.1275 15.37169321109302
LEMUR-2-MERIMA          
1 48929U 21059BC  23166.66981137  .00037787  00000+0  95079-3 0  9992
2 48929  97.5805 306.4701 0010348 256.2920 103.7174 15.39785617109400
LEMUR-2-CARLSANTAMARI   
1 48959U 21059CJ  23166.35915225  .00135676  00000+0  15036-2 0  9996
2 48959  97.5885 310.3570 0008739 259.4950 100.5323 15.62480178109601
LEMUR-2-RAMONAMAE       
1 51021U 22002AP  23166.19324842  .00034577  00000+0  10702-2 0  9993
2 51021  97.4425 235.3629 0005607 226.5614 133.5162 15.33381048 78570
LEMUR-2-KING-JULIEN     
1 51022U 22002AQ  23166.73133152  .00034494  00000+0  10983-2 0  9995
2 51022  97.4408 235.5714 0005771 223.2607 136.8183 15.32475701 78643
LEMUR-2-ROHOVITHSA      
1 51036U 22002BE  23166.40966252  .00016468  00000+0  67362-3 0  9994
2 51036  97.4417 233.5890 0006292 243.2783 116.7811 15.24396728 78475
LEMUR-2-MIRIWARI        
1 51054U 22002BY  23166.17503752  .00019416  00000+0  77837-3 0  9994
2 51054  97.4408 233.3818 0005686 236.1834 123.8862 15.25042172 78441
LEMUR-2-DJIRANG         
1 51058U 22002CC  23166.17590115  .00013326  00000+0  53551-3 0  9998
2 51058  97.4380 233.2372 0005592 234.5510 125.5206 15.25045863 78448
LEMUR-2-TENNYSONLILY    
1 52732U 22057A   23166.33409582  .00027090  00000+0  96439-3 0  9998
2 52732  97.5498 284.2606 0005480  14.6079 345.5318 15.28913564 58472
LEMUR-2-VANDENDRIES     
1 52733U 22057B   23166.53942072  .00023708  00000+0  99535-3 0  9999
2 52733  97.5341 283.0560 0005124  19.2745 340.8685 15.23447777 58458
LEMUR-2-KAREN B         
1 52736U 22057E   23166.32909009  .00029407  00000+0  10064-2 0  9993
2 52736  97.5356 283.9013 0004125 358.5404   1.5823 15.30188657 58496
LEMUR-2-HANCOM-1        
1 52740U 22057J   23166.54703448  .00018230  00000+0  74758-3 0  9994
2 52740  97.5525 284.1163 0007938   5.5657 354.5667 15.24282026 58464
LEMUR-2-MIMI1307        
1 52769U 22057AP  23166.27441939  .00011340  00000+0  47886-3 0  9996
2 52769  97.5525 284.1036 0008918 337.3121  22.7720 15.23396776 58444
LEMUR-2-PHILARI         
1 55013U 23001E   23166.42586684  .00017695  00000+0  84093-3 0  9995
2 55013  97.4760 226.1813 0008646  32.1374 328.0386 15.19239230 24816
LEMUR-2-DISCLAIMER      
1 55014U 23001F   23166.16123446  .00016191  00000+0  77586-3 0  9999
2 55014  97.4798 226.0035 0009944  36.7021 323.4892 15.18959591 24778
LEMUR-2-STEVEALBERS     
1 55017U 23001J   23166.71434726  .00017800  00000+0  86056-3 0  9999
2 55017  97.4744 226.3781 0009114  30.6183 329.5581 15.18637363 24855
LEMUR-2-EMMACULATE      
1 55037U 23001AE  23166.43078295  .00019834  00000+0  88229-3 0  9998
2 55037  97.4818 226.7545 0013054  16.4178 343.7478 15.21449403 24847
LEMUR-2-MMOLO           
1 55038U 23001AF  23166.40027840  .00020736  00000+0  90748-3 0  9998
2 55038  97.4831 226.8271 0013360  18.7165 341.4559 15.21995014 24840
LEMUR-2-FUENTETAJA-01   
1 55088U 23001CH  23166.16153758  .00018345  00000+0  84378-3 0  9999
2 55088  97.4844 226.4045 0013795  18.7685 341.4056 15.20309560 24793
LEMUR-2-ONREFLECTION    
1 56182U 23054E   23166.52541400  .00011769  00000+0  50023-3 0  9991
2 56182  97.3990  61.4061 0010006  50.1602 310.0514 15.23151543  9924
LEMUR-2-SPACEGUS        
1 56187U 23054K   23166.25213531  .00014410  00000+0  60433-3 0  9999
2 56187  97.3997  61.1646 0009952  41.4161 318.7829 15.23557088  9886
LEMUR-2-ROMEO-N-LEO     
1 56206U 23054AE  23166.24325927  .00023875  00000+0  92449-3 0  9990
2 56206  97.3982  61.3215 0013363  29.0180 331.1798 15.26090324  9893
